1461043467069673474
1461043113263353862
1461042749063544836
1461041643444920330
1461041258986627079
1461035472831098887
1461040603811266567
1461039843052511240
1461039473454686217
1461038077850361862
1461037008642613263
1457806956027068420
1457840520991059980
1458198147776266241
1458180182599155722
1461036896356864000
1461035899450445832
1461035334528081924
1461034912023302149
1461034658087456770
1461033384843612162
1461032394845208587
1461032302608273414
1459203494779445248
1460981398911819782
1458396232657813504
1458837501834108929
1460988992132898824
1461031303697125378
1461031153343860740
1461030644067225600
1461030020445577217
1461026197379371008
1461029880297136136
1461029588084170764
1461029465010716674
1461029410761551875
1461028658928312325
1461027263714111490
1461027018427019281
1461025671011094530
1461024773899698178
1461024530869141509
1461024015636647946
1460728771775012875
1461023605085679619
1458791803524628486
1461021911845163013
1461021193897709569
1461021004277469185
1461020877596803077
1460981612527689744
1460991836193968128
1461005617804492802
1460986954934272008
1460984989999415301
1460990306023792645
1461020862799355915
1460988726893502472
1461019803779575811
1461019462900097033
1461019313515679753
1461019125879382021
1461019102986838018
1461018978680246279
1461017128404930567
1461018965879279624
1461017903927599105
1461018670143004676
1461018373307965445
1461018303569268742
1461018294794792963
1460614522369155077
1461018266567159820
1458502771141922818
1461017650377723915
1461017408911597579
1461017280339402765
1461017208222539785
1461017133266128896
1461016186360156161
1461015821476577280
1461015589179301899
1461015467699621897
1461014966568431621
1461014792307621893
1461010007504433159
1461008489287929861
1460366626172329984
1461008046092701709
1459608084259737607
1460247243345338371
1459608656325091334
1461004443219017730
1460993569171324928
1460986473096916994
1460772689031880706
1459223578482782211
1458594026886729728
1459221920361111553
1460767427420209155
1460776508491018244
1459227120840978440
1457896329770946565
1459689933212471296
1458586602456948737
1459226620099706887
1460978295332392963
1460966316580474888
1460921504833712129
1459757208313413637
1460840454874963968
1460814978802499587
1460793107327467525
1460258737051123714
1460768953140133898
1460766960703127552
1460623970315771911
1460751983401385986
1460716384552460288
1460700548106235917
1460692259096117262
1460681543823900680
1460670916665524226
1458145464939855877
1460662995231596551
1460659402588016653
1460642540022030336
1460639272248225794
1460627282679193600
1460639564624801793
1460621656834072579
1460618916368195589
1460569680708579335
1460469916407152643
1460461635567558656
1460459726144249857
1460454331082285061
1460406935010918401
1460393345612660742
1460384385786691588
1460378698801156101
1460377588979974151
1460372589461786624
1460361677996797958
1460353136737103874
1460320981776482311
1460309917508816904
1460304760125415432
1460300385864855553
1460296915514441729
1460270332766572546
1460267386234445825
1460225553370394629
1460219772663173121
1460105688735178761
1458970210636025865
1460144080156045316
1458074812312604678
1458092857621889032
1460105856582832128
1458140469393694720
1460080155985068038
1459141264490864652
1460061583846121476
1460055909477007363
1460021939825688582
1459993395762499590
1459986210999476227
1459944816658329605
1459942798791221249
1459914203712610312
1459888235098750984
1459684543003303936
1459683706042519554
1459682430051393546
1459676740578648066
1459661757044203526
1459632578592395276
1459591608152772609
1459584196876374025
1459545172065271811
1459439633230712834
1459430067910631427
1459361387034120193
1459298455717924867
1459293091094056963
1459271175490711554
1459258968769974273
1459203485627564034
1459239579253358605
1459230852496429075
1459190874592661508
1459183193291173888
1459174867182534660
1458569605958537220
1459171473684369413
1459156850650357761
1459128358831337474
1458980269248155648
1458968708093816832
1458906134711046148
1458682223331360770
1458878205486579715
1458876640205885440
1458838424232755207
1458820246563966981
1458808015533092866
1458799396720623626
1458801479381405703
1458655939331080192
1458397543574999052
1458396405349953544
1458799782416330759
1458776895248556036
1458651295737393153
1458646804828991490
1458644080615960580
1458634802299559936
1458614658538119173
1458612635008749568
1458594195430645762
1458586482394939401
1458579221803159557
1458568280139079698
1458558932105011210
1458554616078077968
1458427731771858945
1458535571811352584
1458529140378853386
1458513406516994049
1458513073791291395
1458511276200574977
1458502075063554051
1458494496413470721
1458486105477681157
1458473880822091782
1458469195121926148
1458465370860310545
1458464164511420421
1458448018563289088
1458446218976235520
1458441979294060547
1458258189934284808
1458256938056171522
1458224943926235136
1458215570411827200
1458180081201844228
1458133452067311623
1458130830606446592
1458121524691546113
1458109157693968406
1458066512128970896
1458042366510739462
1457955478668029957
1457917062555308035
1457912912291549184
1457898373927800834
1457868388424953863
1457868378522140674
1457831604999671817
1457808672088903686
