1461046013389676545
1461046011997134855
1461045943332216833
1461045979470344198
1461046011942641666
1461046010919149568
1461046010596241412
1461046010042540035
1461046009870626816
1461046008960454662
1461046008683679744
1461046007811166213
1461046007559602185
1461046005990895623
1461046005789511683
1461046005231669250
1461046003943960576
1461046003344232461
1461046003256209413
1461046001758834688
1461046000366333960
1461045999774978054
1461045998281654273
1461045997635878922
1461045997392510983
1461045996977369093
1461045995987427329
1461045992493662223
1461045992371937284
1461045992204029952
1461045991868702737
1461045991277268998
1461045990685917188
1461045990362955781
1461045988118827011
1461045985740738566
1461045984495128579
1461045984193093632
1461045983429767176
1461045982611787785
1461045982553071627
1461045982364381188
1461045979076079618
1461045978669146121
1461045978295943172
1461045978010509315
1461045977796726785
1461045977792528387
1461045977662603272
1461045977083613185
1461045976211369993
1461045974495862786
1461045915653918722
1461045972608425988
1461045969726980098
1461045966660943873
1461045966488977419
1461045964937076749
1461045963393536002
1461045963280297991
1461045961837494273
1461045961690652673
1461045879780126724
1461045961652936708
1461045961082523657
1461045959773859845
1461045959417380868
1461045959257956359
1461045959044079621
1461045957865480196
1461045957773119492
1461045957714456576
1461045957299216387
1461045957030821897
1461045954992353286
1461045954979717124
1461045954140950528
1461045953570476032
1461045953134317587
1461045953046138886
1461045952391884809
1461045951049650184
1461045950491865092
1461045949720145929
1461045949007118347
1461045907923906561
1461045844313006083
1461045874021347339
1461045948981952516
1461045948193415169
1461045946104442883
1461045945764823046
1461045944795992066
1461045944506630151
1461045942413668361
1461045942048731148
1461045940706492418
1461045939259555840
1461045937720209418
1461045937455960072
1461045937435033602
1461045936877039619
1461045936126410752
1461045935513882624
1461045933890809857
1461045933433446403
1461045932598956035
1461045931491663875
1461045930946437121
1461045929356800001
1461045926856953860
1461045925196013569
1461045924734586882
1461045924545892353
1461045923820281860
1461045922788515848
1461045922733903877
1461045922385776641
1461045921056186373
1461045920078966788
1461045918636122118
1461045917579153411
1461045917310722052
1461045915574284304
1461045914450153473
1461045914450149382
1461045914374742017
1461045914261413900
1461045913800036355
1461045912772431872
1461045911774236674
1461045911132454930
1461045910864019459
1461045909714870274
1461045908410408967
1461045905793105935
1461045905319247877
1461045904606212104
1461045904174194696
1461045904086122501
1461045904077725697
1461045903733710852
1461045903645675524
1461045902773207046
1461045902706151430
1461045901753913344
1461045901473067015
1461045900789305345
1461045900764233732
1461045900386742280
1461045898641920009
1461045898352513028
1461045898172145675
1461045897861677057
1461045897702297605
1461045897316425729
1461045896888598541
1461045895441653780
1461045894741053443
1461045893671522305
1461045893176512512
1461045893151576080
1461045893050732545
1461045892262371341
1461045891557695504
1461045891045810176
1461045890819497986
1461045890374942724
1461045890370748416
1461045889955467268
1461045889401819148
1461045882539986948
1461045888437166092
1461045886113439756
1461045885765226497
1461045883999563776
1461045883110404099
1461045881839435789
1461045879759069185
1461045879134109707
1461045879113191425
1461045878320517123
1461045876655370247
1461045875434827779
1461045874054860817
1461045873530572812
1461045872817590273
1461045872230285321
1461045871710285824
1461045869587972103
1461045866056331277
1461045871508955140
1461045868522528775
1461045870510718981
1461045871064371203
1461045869625626633
1461045869604712454
1461045869109661699
1461045867964678147
1461045867373379586
1461045867197218817
1461045866945552387
1461045866819686409
1461045866807140364
1461045866014429193
1461045865477509125
1461045865053888521
1461045864063979528
1461045862591836163
1461045859735453701
1461045859722924046
1461045858716237825
1461045857948778506
1461045856338157568
1461045853553057797
1461045853297152004
1461045851069968385
1461045850579161089
1461045849732141066
1461045849681801232
1461045846947110913
1461045845936283658
1461045845151956999
1461045844157898755
1461045843801292812
1461045842740228104
1461045840957558785
1461045840680792064
1461045839942586376
1461045838638194695
1461045838390640643
1461045836998221834
1461045833911177226
1461045833126891528
1461045833126891528
1461045832925519872
1461045754361958414
1461045832116060163
1461045831176437763
1461045830903808007
1461045830425665538
1461045689014800387
1461045830052458499
1461045326719107074
1461045393928638466
1461045829624598529
1461045657012219911
1461045581011460100
1461045373691125772
1461045280158240778
1461045533598965764
1461045494885588997
1461045713928871939
1461045829230374920
1461045828580220932
1461045827900694528
1461045827758174214
1461045826260811781
1461045301796610054
1461045824897626112
1461045654894092288
1461045821219221517
1461045819369472010
1461045816764866570
1461045815917658113
1461045815363973127
1461045815338803203
1461045814424313859
1461045684531048451
1461045814348890119
1461045684136779787
1461045552293064708
1461045813291929604
1461045812218191878
1461045812213993473
1461045811534602246
1461045811505102849
1461045810758619141
1461045337485987843
1461045810477502465
1461045810334814211
1461045809022005254
1461045806992035840
1461045804504911878
1461045804068741124
1461045802391027720
1461045801627619329
1461045801543733250
1461045798553243654
1461045795784900609
1461045795302653952
1461045795025833987
1461045794459602948
1461045792823816196
1461045577316282368
1461045506419871750
1461045791607476231
1461045791552901121
1461045434567307273
1461045791334838285
1461045790365962249
1461045787803242505
1461045786310025223
1461045786104455192
1461045785483689991
1461045784347033615
1461045782908477442
1461045557657583629
1461045782170198026
1461045780073041926
1461045775987888133
1461045775606202368
1461045775002181636
1461045774486224903
1461045773764866056
1461045773630685190
1461045773320208390
1461045771176927246
1461045770908438530
1461045770753392645
1461045770476404738
1461045770241589255
1461045770157625353
1461045768869933058
1461045768786169866
1461045366829244421
1461045768320598020
1461045768295706624
1461045765304901632
1461045765241851905
1461045765195767812
1461045764852006924
1461045764398796802
1461045296633298944
1461045763946041346
1461045763534905352
1461045762431799296
1461045761932673030
1461045760837959702
1461045450514051075
1461045273132773377
1461045760817090567
1461045760582164489
1461045760439508992
1461045759802064900
1461045757704904707
1461045757394497539
1461045757025337344
1461045755255349251
1461045754235998209
1461045533477326861
1461045701790650370
1461045753984557072
1461045556701286407
1461045752344498187
1461045377650634763
1461045751610580993
1461045545510780939
1461045699827707908
1461045751518224391
1461045751161790466
1461045750767538191
1461045750633222149
1461045749291134983
1461045748703891462
1461045747093229577
1461045746791338000
1461045746204135426
1461045744966815749
1461045415386750976
1461045744484466691
1461045741607133207
1461045741170921481
1461045741057712137
1461045364195303429
1461045740592144385
1461045740084547594
1461045739681943564
1461045738922782725
1461045737677111299
1461045737530269704
1461045732929150988
1461045732161597442
1461045730995544071
1461045682719109126
1461045451164160002
1461045730748125199
1461045729930235909
1461045729171017732
1461045726771879936
1461045725941276676
1461045725383606275
1461045725018603529
1461045722225197059
1461045721768079360
1461045721168113665
1461045721101225988
1461045720664977422
1461045720434331652
1461045602268160001
1461045720266547204
1461045719008264192
1461045718492360711
1461045718257475591
1461045717640822789
1461045717380780033
1461045716151844877
1461045715229155328
1461045714931400707
1461045714444763146
1461045521234153477
1461045581019856897
1461045712569909249
1461045712477724676
1461045711835963398
1461045710594445322
1461045710200184844
1461045707247431685
1461045705682956288
1461045705536118790
1461045705427066886
1461045705376776198
1461045705028612106
1461045703480942598
1461045703371898893
1461045703204032516
1461045702465888263
1461045701090197516
1461045700695838722
1461045700683345930
1461045698837852172
1461045697848004623
1461045697399164928
1461045696799416320
1461045696065380355
1461045695994122243
1461045694375026690
1461045694169600004
1461045694169591811
1461045691988557827
1461045590993911809
1461045691892092934
1461045691313184768
1461045689455202305
1461045689174171662
1461045688557608964
1461045548765618179
1461045425901867012
1461045687605473290
1461045685990694916
1461045684229005313
1461045513277644810
1461045683381850113
1461045683138539528
1461045683130179589
1461045682593222675
1461045682513625091
1461045682408771586
1461045682098393101
1461045681284603907
1461045680751800320
1461045680340885506
1461045680089317383
1461045679393062917
1461045679116201987
1461045679002955777
1461045678667407369
1461045356389621761
1461045678449348610
1461045676377321474
1461045675446185990
1461045672225001473
1461045671516114944
1461045670631120904
1461045669733584903
1461045668773048326
1461045667535761411
1461045666902384642
1461045665388285961
1461045664398389264
1461045662150283274
1461045661667934212
1461045660984217605
1461045660933885963
1461045437213941762
1461045660229287937
1461045659059073024
1461045658551529475
1461045657964269575
1461045657888858127
1461045656571760646
1461045341407612941
1461045656223686657
1461045656055914497
1461045655594491910
1461045655309279234
1461045652524347392
1461045651911974920
1461045651907784710
1461045651748397059
1461045651538649110
1461045651521822726
1461045650422968330
1461045649554685961
1461045648963235848
1461045648409567237
1461045648074153989
1461045647977631751
1461045647952465930
1461045560480313344
1461045646123835395
1461045419220287489
1461045645716959236
1461045645524013063
1461045643380678660
1461045598514262024
1461045480566235136
1461045641732370433
1461045641656868878
1461045640956416003
1461045639626772494
1461045638125207567
1461045451017314306
1461045634505580553
1461045634287419401
1461045632974610437
1461045632005722113
1461045628717387776
1461045628373553154
1461045627274547202
1461045627266252813
1461045626892787713
1461045622480551942
1461045620752408576
1461045620148510723
1461045619548733442
1461045618625896449
1461045618412068866
1461045615274639362
1461045614410616835
1461045613857026060
1461045611684413447
1461045611319513090
1461045611185192972
1461045610648330250
1461045610040205316
1461045607993430021
1461045606516940813
1461045604830830599
1461045604793171980
1461045604214317071
1461045314870251524
1461045603820003331
1461045602716950534
1461045602633068550
1461045602205249536
1461045601660018694
1461045601127202819
1461045601114603522
1461045600917483524
1461045600548315140
1461045600451895297
1461045401000235014
1461045599898411018
1461045599772442630
1461045598405148672
1461045596463280130
1461045595305558022
1461045594550636545
1461045484051701770
1461045368267882505
1461045592738648071
1461045587873341441
1461045460219666437
1461045586057125889
1461045583167295492
1461045458894270466
1461045582173249539
1461045581988741140
1461045581170855948
1461045580940066820
1461045524107247623
1461045580591996932
1461045578570346506
1461045575953133593
1461045575797940224
1461045575101652993
1461045574875111427
1461045574434754562
1461045574329933832
1461045573742735366
1461045571888857090
1461045571683246089
1461045571150614528
1461045570282393611
1461045569816780801
1461045568382382091
1461045567564435456
1461045566759215113
1461045565211525133
1461045564649480206
1461045564171243533
1461045559997997069
1461045559649869839
1461045559461040142
1461045559385538568
1461045558517321733
1461045558383026177
1461045558257152007
1461045557363888131
1461045557116424193
1461045556722081793
1461045556638191617
1461045556269092866
1461045556189429760
1461045554612297732
1461045553622564870
1461045553073049600
1461045552997494785
1461045552267902977
1461045550195826692
1461045549616939009
1461045549587644427
1461045549470265344
1461045549457625098
1461045547863793665
1461045547142455303
1461045547054342156
1461045546534281226
1461045339583135744
1461045544940445709
1461045544848175109
1461045544839786503
1461045544814530560
1461045544734924814
1461045544571260932
1461045438245744644
1461045544218996740
1461045543942201351
1461045383350693888
1461045542994202630
1461045542629351428
1461045542516109315
1461045540700008448
1461045540632895488
1461045540213465092
1461045539953430536
1461045539638816771
1461045538003030020
1461045537403199492
1461045536816078850
1461045536501518342
1461045536161681409
1461045534748299264
1461045534232305668
1461045533569601541
1461045533296967694
1461045531694800913
1461045530465910799
1461045530289709064
1461045530168074245
1461045529996107781
1461045529765457928
1461045528674848776
1461045526640697356
1461045526087061511
1461045525248159761
1461045524321247237
1461045523989905412
1461045523406852108
1461045522920357905
1461045522769358850
1461045522735812620
1461045522052042764
1461045521179623425
1461045520634462214
1461045519053209605
1461045518902210572
1461045518726012930
1461045517685776397
1461045516767318027
1461045516397989891
1461045514590429186
1461045513315176450
1461045513176899586
1461045510849146881
1461045509028823040
1461045508177338372
1461045507405533189
1461045505933422597
1461045505501409282
1461045503609778177
1461045501550383110
1461045499725856775
1461045415835488271
1461045306221604879
1461045442926497799
1461045498698252291
1461045497947463686
1461045496726888452
1461045288274116616
1461045495858708482
1461045495552487424
1461045495258918913
1461045494872899588
1461045494654898176
1461045494633873420
1461045494592028676
1461045493979488257
1461045492331290624
1461045490678652934
1461045490418606084
1461045489550381069
1461045488711606273
1461045487113486345
1461045484727017489
1461045484332670980
1461045483137294336
1461045481547747332
1461045481040236549
1461045363633278985
1461045480893337601
1461045479974834188
1461045479492530182
1461045478641086469
1461045478049529860
1461045474820083715
1461045380028768261
1461045474572517377
1461045474279018506
1461045473293357060
1461045473213497348
1461045472966152192
1461045471825195008
1461045471217127427
1461045470763966465
1461045470214643716
1461045285187112970
1461045469791064074
1461045469392429057
1461045467798810635
1461045467152891918
1461045464380362753
1461045463214403606
1461045462329397256
1461045460165083139
1461045386374696960
1461045459129180167
1461045459070472198
1461045458906796038
1461045457430458368
1461045456725762054
1461045456230887425
1461045456167911428
1461045454913814532
1461045454569938952
1461045451877138432
1461045449834610695
1461045448504922112
1461045326098444303
1461045448110755852
1461045447183769603
1461045446395236363
1461045446323941377
1461045445527019526
1461045315218415619
1461045444616806410
1461045443480195072
1461045358570713090
1461045442872066055
1461045442565836806
1461045441978589184
1461045440040865800
1461045437696253957
1461045436928647168
1461045436664401920
1461045436454686729
1461045436379193356
1461045375696089090
1461045433229361163
1461045431526379538
1461045431182397441
1461045430666469379
1461045430498861059
1461045429966155784
1461045429726896131
1461045428439367683
1461045427722145803
1461045426380058639
1461045423125286922
1461045421082566663
1461045420394786819
1461045420268916738
1461045420143095808
1461045420059246595
1461045419631431692
1461045418758922246
1461045417437712384
1461045416997310468
1461045416070426637
1461045414136885255
1461045412731756545
1461045411641237504
1461045411007938561
1461045409095340032
1461045407501463554
1461045407149080576
1461045407073636370
1461045405282709508
1461045404984819715
1461045401910489092
1461045404913569798
1461045404276080647
1461045404271882252
1461045403978276868
1461045403017646082
1461045402640265218
1461045400849240076
1461045399351930881
1461045398282330134
1461045397967757312
1461045397711958026
1461045397539938308
1461045396374003718
1461045395182739464
1461045394499117071
1461045394222338062
1461045394155216907
1461045392334802950
1461045391978381324
1461045391432896519
1461045389881184274
1461045389054857218
1461045388824121344
1461045388698337280
1461045388522180620
1461045387024900100
1461045386261446666
1461045383388438532
1461045275955453954
1461045379584114696
1461045377076011015
1461045378023833615
1461045375096213510
1461045380439756803
1461045379949072387
1461045378506186756
1461045378183217163
1461045378028081153
1461045377457602569
1461045377004707850
1461045376631386113
1461045376383963144
1461045375477993472
1461045299326205953
1461045375352115208
1461045374811086850
1461045372969787394
1461045372441309184
1461045371233259528
1461045369949900815
1461045368750321664
1461045367953403917
1461045367353532417
1461045367185760261
1461045366460231684
1461045364258136074
1461045288592887812
1461045362710491139
1461045360357429252
1461045359548026888
1461045358784561160
1461045358201610249
1461045358168051729
1461045355995353090
1461045355953496064
1461045353256529921
1461045351998230530
1461045351553683462
1461045351541092366
1461045350182047748
1461045349691371534
1461045349288747010
1461045348516904968
1461045347703312397
1461045347686531074
1461045346805628930
1461045346218528768
1461045343949316101
1461045343240560640
1461045342628155392
1461045341818691593
1461045339142725635
1461045339096555520
1461045336898682890
1461045335963357186
1461045335887917058
1461045334877028361
1461045334637953027
1461045333182402570
1461045331911745545
1461045330804236288
1461045329252519940
1461045328065482754
1461045327801327616
1461045327075713031
1461045325460905989
1461045324596789262
1461045324227698697
1461045324215197702
1461045324131282946
1461045321513979904
1461045321446875145
1461045321287577615
1461045321237209089
1461045319236415489
1461045319089721350
1461045318233976833
1461045317646700546
1461045317277790225
1461045316359274501
1461045312643084291
1461045312630534146
1461045308725641225
1461045307773435909
1461045306196480001
1461045305764417537
1461045305617502212
1461045305386881027
1461045303570681859
1461045302983495681
1461045302039756800
1461045301708476421
1461045301444325377
1461045297812021255
1461045297656872967
1461045297539338252
1461045296113328131
1461045295144488963
1461045294951448577
1461045294230126598
1461045294087426049
1461045293819039744
1461045293311475716
1461045292934090758
1461045290488713220
1461045290350305285
1461045290258112524
1461045290241298440
1461045290182582275
1461045289880539144
1461045288081281034
1461045285501681667
1461045285438775299
1461045285417885701
1461045282355904513
1461045281961693184
1461045281772945410
1461045281617817601
1461045280833421313
1461045279885602825
1461045276966375441
1461045276374876171
1461045272461688837
